2011-01-20 2 2 2 3 3 70439517 70439518 70439519 70439520 70439521 70439522 70439523 70439524
 70439525 70439526 70439527 7043952 
2011-01-20 2 2 2 3 3 70439529 70439530 70439531 70439532 70439533 70439534 70439535 70439536
 70439537 70439538 70439539 70439540 70439541 70439542 70439543 70439544
 70439545 70439546 70439547 70439548 70439549 70439550 70439551 70439552
 70439553 70439554 70439555 70439556 70439557 70439558 70439559 70439560
 70439561 70439562 70439563 70439564 70439565 70439566 70439567 70439568
 70439569 70439570 70439571 70439572 70439573 70439574 70439575 70439576
 70439577 70439578 70439579 70439580 70439581 70439582 70439583 70439584
 70439585 70439586 70439587 70439588 70439589 70439590 70439591 70439592
 70439593 70439594 70439595 70439596 70439597 70439598 70439599 70439600
 70439601 70439602 70439603 70439604 70439605 70439606 70439607 70439608
 70439609 70439610 70439611 70439612 70439613 70439614 70439615 70439616
 70439617 70439618 70439619 70439620 70439621 70439622 70439623 70439624
 70439625 70439626 70439627 70439628 70439629 70439630 70439631 70439632
 70439633 70439634 70439635 70439636 70439637 70439638 70439639 70439640
 70439641 70439642 70439643 70439644 70439645 70439646 70439647 70439648
 70439649 70439650 70439651 70439652 70439653 70439654 70439655 70439656
 70439657 70439658 70439659 70439660 70439661 70439662 70439663 70439664
 70439665 70439666 70439667 70439668 70439669 70439670 70439671 70439672
 70439673 70439674 70439675 70439676 70439677 70439678 70439679 70439680
 70439681 70439682 70439683 70439684 70439685 70439686 70439687 70439688
 70439689 70439690 70439691 70439692 70439693 70439694 70439695 70439696
 70439697 70439698 70439699 70439700 70439701 70439702 70439703 70439704
 70439705 70439706 70439707 70439708 70439709 70439710 70439711 70439712
 70439713 70439714 70439715 70439716 70439717 70439718 70439719 70439720
 70439721 70439722 70439723 70439724 70439725 70439726 70439727 70439728
 70439729 70439730 70439731 70439732 70439733 70439734 7043973 
2011-01-24 4 4 4 5 5 70439736 70439737 70439738 70439739 70439740 70439741 70439742 70439743
 70439744 70439745 70439746 70439747 70439748 70439749 70439750 70439751
 70439752 70439753 70439754 70439755 7043975 
2011-01-26 2 5 2 5 5 70439757 70439758 70439759 70439760 70439761 70439762 70439763 70439764
 70439765 70439766 70439767 70439768 70439769 70439770 70439771 70439772
 70439773 70439774 70439775 70439776 70439777 70439778 70439779 7043978 
2011-02-13 1 2 1 1 1 70439781 70439782 70439783 70439784 70439785 70439786 70439787 70439788
 70439789 70439790 70439791 7043979 
2011-02-14 1 2 1 2 2 70439793 70439794 70439795 70439796 70439797 70439798 70439799 70439800
 70439801 70439802 70439803 7043980 
2011-03-29 1 1 1 1 0 70439127 70439128 70439129 70439130 70439131 70439132 70439133 70439134
 70439135 70439136 70439137 70439138 70439139 70439140 70439141 7043914 
2011-05-26 1 1 1 1 0 70439823 70439824 70439825 70439826 70439827 70439828 70439829 70439830
 70439831 70439832 70439833 70439834 70439835 70439836 70439837 70439838
 70439839 70439840 70439841 70439842 70439843 70439844 7043984 
2011-05-27 11 14 11 11 11 70439846 70439847 70439848 70439849 70439850 70439851 70439852 70439853
 70439854 70439855 70439856 70439857 70439858 70439859 70439860 70439861
 70439862 70439863 70439864 70439865 70439866 70439867 70439868 70439869
 70439870 70439871 70439872 70439873 70439874 70439875 70439876 70439877
 70439878 70439879 7043988 
2011-05-27 11 14 11 11 11 70439881 70439882 70439883 70439884 70439885 70439886 70439887 70439888
 70439889 70439890 70439891 70439892 70439893 70439894 70439895 70439896
 70439897 70439898 70439899 70439900 7043990 
2011-05-28 17 32 16 29 25 70439902 70439903 70439904 70439905 70439906 70439907 70439908 70439909
 70439910 70439911 70439912 70439913 70439914 70439915 70439916 70439917
 70439918 70439919 70439920 70439921 70439922 70439923 70439924 70439925
 70439926 70439927 70439928 70439929 70439930 70439931 70439932 70439933
 70439934 70439935 70439936 70439937 70439938 70439939 70439940 70439941
 70439942 70439943 70439944 70439945 70439946 70439947 70439948 70439949
 70439950 70439951 70439952 70439953 70439954 70439955 70439956 70439957
 70439958 70439959 70439960 70439961 70439962 70439963 70439964 70439965
 70439966 70439967 70439968 70439969 70439970 70439971 70439972 70439973
 70439974 70439975 70439976 70439977 70439978 70439979 70439980 70439981
 70439982 70439983 70439984 70439985 70439986 70439987 70439988 70439989
 70439990 70439991 70439992 70439993 70439994 70439995 70439996 70439997
 70439998 70439999 70440000 70440001 70440002 70440003 70440004 70440005
 70440006 70440007 70440008 70440009 70440010 70440011 70440012 70440013
 70440014 70440015 70440016 70440017 70440018 70440019 70440020 70440021
 70440022 70440023 70440024 70440025 70440026 70440027 7044002 
2011-05-29 6 7 6 7 7 70440029 70440030 70440031 70440032 70440033 70440034 70440035 70440036
 70440037 70440038 70440039 70440040 70440041 70440042 70440043 70440044
 70440045 70440046 70440047 70440048 70440049 70440050 70440051 70440052
 70440053 70440054 70440055 70440056 70440057 70440058 70440059 70440060
 70440061 70440062 70440063 70440064 70440065 70440066 70440067 70440068
 70440069 70440070 70440071 70440072 70440073 70440074 70440075 70440076
 70440077 70440078 70440079 70440080 70440081 70440082 70440083 70440084
 70440085 7044008 
2011-05-29 6 7 6 7 7 70440087 70440088 70440089 70440090 70440091 70440092 70440093 70440094
 70440095 70440096 70440097 7044009 
2011-09-14 3 2 2 3 2 70440523 70440524 70440525 70440526 70440527 70440528 70440529 70440530
 70440531 70440532 70440533 70440534 70440535 70440536 70440537 70440538
 70440539 70440540 70440541 70440542 70440543 70440544 70440545 70440546
 70440547 70440548 70440549 70440550 7044055 
2011-09-15 1 2 1 2 2 70440552 70440553 70440554 70440555 70440556 70440557 70440558 70440559
 70440560 70440561 70440562 70440563 70440564 70440565 70440566 70440567
 70440568 70440569 70440570 70440571 70440572 70440573 70440574 70440575
 7044057 
2011-11-28 5 5 5 6 6 70440659 70440660 70440661 70440662 70440663 70440664 70440665 70440666
 70440667 70440668 70440669 70440670 70440671 70440672 70440673 70440674
 70440675 70440676 70440677 70440678 70440679 70440680 7044068 
2011-11-28 5 5 5 6 6 70440682 70440683 70440684 70440685 70440686 70440687 70440688 70440689
 70440690 70440691 70440692 70440693 70440694 70440695 70440696 70440697
 70440698 70440699 70440700 70440701 70440702 70440703 70440704 7044070 
2011-11-28 5 5 5 6 6 70440706 70440707 70440708 70440709 70440710 70440711 70440712 70440713
 70440714 70440715 70440716 70440717 70440718 70440719 70440720 70440721
 70440722 70440723 70440724 70440725 70440726 70440727 70440728 7044072 
2011-12-11 13 13 12 12 12 70440765 70440766 70440767 70440768 70440769 70440770 70440771 70440772
 70440773 70440774 70440775 70440776 70440777 70440778 70440779 70440780
 70440781 70440782 70440783 70440784 70440785 70440786 70440787 70440788
 70440789 70440790 70440791 70440792 70440793 70440794 70440795 70440796
 70440797 70440798 7044079 
2011-12-11 13 13 12 12 12 70440800 70440801 70440802 70440803 70440804 70440805 70440806 70440807
 70440808 70440809 70440810 70440811 70440812 70440813 70440814 70440815
 70440816 70440817 70440818 70440819 70440820 70440821 70440822 7044082 
2011-12-11 13 13 12 12 12 70440824 70440825 70440826 70440827 70440828 70440829 70440830 70440831
 70440832 70440833 70440834 70440835 70440836 70440837 70440838 70440839
 70440840 70440841 70440842 70440843 70440844 70440845 70440846 7044084 
2011-12-30 5 6 5 5 5 70440623 70440624 70440625 70440626 70440627 70440628 70440629 7044063 
2011-12-30 5 6 5 5 5 70440631 70440632 70440633 70440634 70440635 70440636 70440637 70440638
 70440639 70440640 70440641 70440642 70440643 70440644 70440645 70440646
 70440647 7044064 
2011-12-31 0 1 1 1 0 70440649 70440650 70440651 70440652 70440653 70440654 70440655 70440656
 70440657 7044065 
2012-01-22 6 7 4 7 7 70443651 70443652 70443653 70443654 70443655 70443656 70443657 70443658
 70443659 70443660 70443661 70443662 70443663 70443664 70443665 70443666
 70443667 70443668 70443669 7044367 
2012-01-22 6 7 4 7 7 70443671 70443672 70443673 70443674 70443675 70443676 70443677 70443678
 70443679 70443680 70443681 7044368 
2012-03-17 2 3 2 3 1 70443118 70443119 70443121 70443122 70443124 70443125 70443126 70443128
 70443129 70443130 70443132 70443133 70443135 70443136 70443138 70443139
 70443140 70443142 70443144 70443145 70443147 70443148 70443149 70443152
 70443153 70443155 70443157 70443158 7044315 
2012-04-02 11 21 8 18 17 70443161 70443162 70443164 70443165 70443167 70443168 70443170 70443171
 70443173 70443174 70443176 70443178 70443179 70443180 70443181 70443183
 70443184 70443186 70443187 70443188 70443189 70443191 70443193 70443194
 70443195 70443196 70443199 70443200 70443201 70443202 70443204 70443206
 70443207 70443208 70443210 70443211 70443213 70443214 70443215 70443216
 70443219 70443220 70443222 70443223 70443225 70443227 70443229 70443230
 70443231 70443234 70443236 70443237 70443239 70443240 70443242 70443243
 70443244 70443245 70443246 70443247 70443248 70443249 70443250 70443251
 70443252 70443253 70443254 70443255 70443256 70443257 70443258 70443259
 70443260 70443261 70443262 70443263 70443264 70443265 70443266 70443267
 70443268 70443269 70443270 70443271 70443272 70443273 70443274 70443275
 70443276 70443277 70443278 70443279 70443280 70443281 70443282 70443283
 70443284 70443285 70443286 70443287 70443288 70443290 70443291 70443292
 70443293 70443295 70443297 70443298 70443299 70443301 70443302 70443304
 70443305 70443306 70443307 70443309 70443311 70443312 70443313 70443315
 70443316 70443318 70443319 70443321 70443322 70443324 70443326 70443328
 70443330 70443332 70443333 70443336 70443337 70443339 70443341 70443342
 70443345 70443347 70443348 70443351 70443352 70443354 70443355 70443358
 70443359 70443360 70443363 70443365 70443367 70443369 70443371 70443374
 70443375 70443376 70443377 70443379 70443382 70443384 70443386 70443387
 70443390 70443391 70443392 70443394 70443395 70443397 70443398 70443400
 70443401 70443403 70443405 70443406 70443407 70443409 70443411 70443413
 70443414 70443416 70443417 70443418 70443419 70443420 70443422 70443424
 70443425 70443426 70443429 70443430 70443431 70443433 70443434 70443436
 70443437 70443438 70443439 70443440 70443443 70443444 70443445 70443447
 70443448 70443450 70443451 70443452 70443453 70443454 70443456 70443459
 70443461 70443462 70443465 70443466 70443468 70443471 70443472 70443473
 70443474 70443478 70443479 70443481 70443482 70443483 70443486 70443488
 70443490 70443491 70443494 70443497 70443498 70443500 70443501 70443503
 70443508 70443510 70443511 70443515 70443516 70443518 70443519 70443520
 70443523 70443524 70443526 70443527 70443528 70443531 70443532 70443533
 70443535 70443537 70443538 70443540 70443541 70443542 70443544 70443546
 70443547 70443548 70443551 70443553 70443554 70443555 70443557 70443558
 70443560 70443561 70443563 70443564 70443566 70443567 70443568 70443570
 70443572 70443574 70443575 70443576 70443578 70443579 70443581 70443582
 70443584 70443585 70443587 70443589 70443590 70443591 70443593 70443594
 70443596 70443598 70443599 70443600 70443601 70443604 70443605 70443607
 70443609 70443611 70443612 70443613 70443614 70443615 70443616 70443617
 70443618 70443619 70443620 70443621 70443622 70443623 70443624 70443625
 70443626 70443627 70443628 70443629 70443630 70443631 70443632 70443633
 70443634 70443635 70443636 70443637 70443638 70443639 70443640 70443641
 70443642 70443643 70443644 70443645 70443646 70443647 70443648 70443649
 7044365 
2012-06-14 7 9 7 9 9 70443848 70443849 70443850 70443853 70443854 70443855 70443857 70443858
 70443860 70443861 70443863 70443864 70443865 70443867 70443869 70443871
 70443872 70443873 70443876 70443877 70443878 70443879 70443882 70443883
 70443884 70443885 70443886 70443889 70443891 70443892 70443893 70443894
 70443896 70443898 70443899 70443900 70443902 70443904 70443906 70443907
 70443908 70443910 70443912 70443914 70443915 70443917 70443918 70443920
 70443923 70443924 70443925 70443927 70443929 70443931 70443933 70443934
 70443935 7044393 
2012-06-23 5 6 5 6 6 70443940 70443941 70443942 70443943 70443945 70443948 70443949 70443950
 70443952 70443953 70443957 70443959 70443960 70443961 70443962 70443964
 70443966 70443967 70443968 70443970 70443972 70443974 70443975 70443976
 70443978 70443980 70443981 70443982 70443984 70443986 70443988 70443989
 7044399 
2012-09-01 6 5 6 6 5 70444574 70444576 70444577 70444579 70444580 70444581 70444583 70444585
 70444586 7044458 
2012-09-01 6 5 6 6 5 70444589 70444590 70444592 70444593 70444594 70444596 70444597 70444599
 70444600 70444602 70444604 70444606 70444608 70444609 70444612 7044461 
2012-09-12 5 6 4 7 7 70444614 70444616 70444618 70444620 70444621 70444623 70444624 70444626
 70444627 70444630 70444631 70444632 70444633 70444634 70444637 70444638
 70444639 70444641 70444642 70444645 70444646 70444647 7044464 
2012-09-23 2 2 2 2 1 70444670 70444672 70444674 70444675 70444677 70444678 70444679 70444681
 70444682 7044468 
2012-10-19 7 12 7 7 8 70444748 70444749 70444751 70444753 70444754 70444756 70444757 70444760
 70444761 70444763 70444764 70444765 70444768 70444770 70444771 70444772
 70444774 70444778 70444779 70444780 70444781 70444782 70444786 70444788
 70444789 70444790 70444791 70444794 70444795 70444797 70444799 70444802
 70444803 70444804 7044480 
2012-10-19 7 12 7 7 8 70444809 70444811 70444812 70444814 70444816 70444818 70444819 70444820
 70444821 70444824 70444826 70444827 70444829 70444831 70444833 70444834
 70444836 7044483 
2012-11-14 1 0 0 1 0 70444058 70444059 70444060 70444062 70444063 70444065 70444066 70444067
 70444068 70444070 70444072 70444073 70444074 70444076 70444077 70444078
 70444079 70444081 70444082 70444084 70444085 70444086 70444088 70444090
 70444091 70444092 70444094 70444095 70444097 70444098 70444099 70444101
 70444102 70444104 70444105 70444107 70444108 70444110 70444111 70444112
 70444114 70444116 70444117 70444120 70444121 7044412 
2012-12-16 38 48 34 46 42 70444124 70444125 70444127 70444128 70444130 70444131 70444132 70444134
 70444135 70444136 70444137 70444139 70444141 70444142 70444143 70444145
 70444147 70444148 70444150 70444151 70444153 70444155 70444156 70444158
 70444161 70444163 70444165 70444166 70444168 70444169 70444170 70444173
 70444174 70444176 70444177 70444178 70444180 70444181 70444183 70444184
 70444186 70444188 70444189 70444190 70444192 70444193 70444195 70444196
 70444198 70444199 70444201 70444202 70444204 70444205 70444207 70444208
 70444210 70444211 70444213 70444214 70444216 70444218 70444220 70444221
 70444223 70444225 70444226 70444228 70444229 70444231 70444233 70444234
 70444236 70444238 70444240 70444241 70444243 70444244 70444246 70444249
 70444251 70444252 70444253 70444255 70444256 70444258 70444259 70444260
 70444262 70444263 70444265 70444266 70444267 70444269 70444271 70444272
 70444273 70444275 70444277 70444278 70444279 70444281 70444282 70444284
 70444285 70444287 70444288 70444290 70444291 70444293 70444294 70444296
 70444297 70444299 70444300 70444302 70444303 70444304 70444305 70444307
 70444309 70444310 70444312 70444313 70444315 70444316 70444317 70444319
 70444320 70444322 70444324 70444325 70444326 70444328 70444330 70444331
 70444332 70444333 70444334 70444337 70444339 70444340 70444341 70444342
 70444344 70444345 70444346 70444348 70444349 70444351 70444352 70444354
 70444356 70444357 70444359 70444360 70444362 70444365 70444367 70444368
 70444370 70444373 70444374 70444375 70444377 70444378 70444380 70444382
 70444384 70444386 70444387 70444388 70444390 70444392 70444394 70444395
 70444396 70444399 70444400 70444401 70444403 70444404 70444406 70444408
 70444409 70444411 70444413 70444414 70444416 70444417 70444419 70444421
 70444422 70444423 70444424 70444427 70444428 70444430 70444431 70444432
 70444435 70444436 70444438 70444439 70444440 70444442 70444444 70444446
 70444447 70444449 70444450 70444451 70444454 70444455 70444456 70444457
 70444459 70444462 70444463 70444465 70444467 70444468 70444470 70444472
 70444474 70444477 70444478 70444479 70444482 70444483 70444485 70444486
 70444487 70444490 70444491 70444492 70444494 70444495 70444498 70444500
 70444501 70444502 70444503 70444505 70444507 70444508 70444509 70444511
 70444512 70444514 70444515 70444516 70444517 70444518 70444521 70444522
 70444523 70444524 70444527 70444529 70444530 70444531 70444533 70444535
 70444536 70444538 70444540 70444541 70444543 70444544 70444546 70444547
 70444548 70444550 70444551 70444553 7044455 
2012-12-27 1 2 1 1 1 70444867 70444868 70444870 70444871 70444872 7044487 
2012-12-29 3 4 3 4 4 70444876 70444877 70444879 70444881 70444882 70444885 70444886 70444888
 70444889 70444891 70444893 7044489 
2012-12-29 3 4 3 4 4 70444897 70444898 70444899 70444901 70444903 70444905 70444906 70444908
 70444910 70444913 70444915 70444916 70444918 7044491 
2012-12-30 2 2 2 3 2 70444921 70444924 70444925 70444926 70444927 70444930 70444932 70444934
 70444936 70444937 70444938 70444941 70444942 70444944 70444945 70444947
 70444949 7044495 
2013-01-18 2 2 1 2 2 70445751 70445753 70445754 70445756 70445758 70445759 70445761 7044576 
2013-03-19 2 3 2 3 3 70445606 70445608 70445610 70445611 70445613 70445615 70445616 70445618
 70445619 70445621 70445622 70445624 70445626 70445627 70445630 70445631
 70445633 70445635 70445637 70445639 70445640 70445642 7044564 
2013-04-24 1 2 1 2 1 70445646 70445647 70445648 70445649 70445651 70445654 70445655 70445657
 7044565 
2013-05-04 5 6 5 6 6 70446216 70446217 70446218 70446221 70446222 70446224 70446225 70446226
 70446228 70446229 70446232 7044623 
2013-05-04 5 6 5 6 6 70446234 70446236 70446237 70446239 70446240 70446242 70446243 70446245
 70446246 70446248 70446249 70446251 70446252 70446254 70446255 70446256
 70446258 70446259 70446261 70446262 70446264 70446265 70446267 70446268
 70446270 70446271 70446272 70446274 70446276 70446277 70446279 70446280
 70446281 70446283 70446284 70446285 70446288 70446289 70446290 70446292
 7044629 
2013-05-04 5 6 5 6 6 70446295 70446296 70446298 70446299 70446300 70446303 70446304 70446305
 7044630 
2013-05-05 11 13 10 11 12 70446308 70446310 70446312 70446313 70446314 70446316 70446318 70446319
 70446321 70446322 70446324 70446325 70446327 70446328 70446329 70446330
 70446332 70446334 70446336 70446337 70446338 70446340 70446342 70446343
 70446344 70446346 70446348 70446349 70446351 70446352 70446354 70446355
 70446356 70446358 70446359 70446361 70446363 70446365 70446366 70446367
 70446369 70446370 70446372 70446373 70446374 70446376 70446377 70446379
 70446380 70446382 70446384 70446385 70446387 70446388 70446389 70446391
 70446392 70446394 70446396 7044639 
2013-05-05 11 13 10 11 12 70446399 70446400 70446402 70446404 70446405 70446407 70446408 7044641 
2013-06-02 1 3 1 3 2 70446411 70446413 70446414 70446415 70446417 70446419 70446420 70446422
 70446423 70446424 70446427 7044642 
2013-08-12 3 3 3 3 4 70446131 70446132 70446133 70446135 70446136 70446138 70446139 7044614 
2013-08-14 3 3 3 2 2 70446160 70446161 70446162 70446164 70446166 70446167 70446168 70446169
 70446171 70446173 70446174 70446175 70446176 70446179 70446180 70446182
 70446183 7044618 
2013-09-12 2 2 1 2 1 70445836 70445837 70445838 70445839 70445842 70445844 70445845 70445846
 70445847 70445850 70445851 7044585 
2013-10-12 4 5 4 7 5 70445881 70445882 70445884 70445886 70445888 70445889 70445890 70445892
 70445894 70445896 70445897 70445898 70445899 70445901 70445903 70445905
 70445906 70445907 70445909 70445911 70445912 70445913 70445915 70445917
 70445918 70445920 70445921 70445922 7044592 
2013-11-24 1 3 1 4 2 70446475 70446477 70446478 70446480 70446482 70446484 70446485 70446486
 70446488 70446490 70446491 7044649 
2013-12-22 8 8 6 8 7 70446494 70446495 70446498 70446499 70446500 70446501 70446503 70446505
 70446507 70446508 7044650 
2013-12-22 8 8 6 8 7 70446511 70446513 70446514 70446516 70446517 70446518 70446520 70446521
 70446523 70446524 7044652 
2013-12-22 8 8 6 8 7 70446528 70446529 70446530 70446531 70446532 70446535 70446536 70446537
 70446539 7044654 
2013-12-25 1 2 2 2 1 70446545 70446547 70446548 7044655 
2013-12-26 7 8 6 6 5 70446551 70446552 70446554 70446555 70446557 70446559 70446560 70446561
 70446563 70446565 70446566 70446568 70446569 70446571 70446573 70446574
 70446576 70446577 70446579 70446580 70446582 70446583 70446586 70446587
 70446588 70446590 70446592 70446594 70446595 70446596 70446598 70446600
 70446601 70446603 70446604 70446605 70446608 70446609 70446610 70446612
 70446613 70446615 70446617 70446619 70446620 70446622 70446624 70446625
 70446626 70446628 70446630 70446631 70446633 70446634 70446636 70446638
 70446640 70446641 70446643 70446644 70446645 70446647 70446648 70446650
 70446652 70446653 70446654 70446656 70446657 70446660 70446662 70446663
 70446664 70446666 70446668 70446670 70446672 70446673 70446674 70446677
 70446678 70446680 70446681 70446682 70446686 7044668 
